1.283739879727363586e-02
1.279780920594930649e-02
1.270472165197134018e-02
1.277448236942291260e-02
1.273743342608213425e-02
1.269961893558502197e-02
1.260282564908266068e-02
1.253114361315965652e-02
1.258314307779073715e-02
1.266100909560918808e-02
1.261312235146760941e-02
1.259260717779397964e-02
1.260406896471977234e-02
1.254612766206264496e-02
1.250734832137823105e-02
1.259297132492065430e-02
1.257780473679304123e-02
1.255256403237581253e-02
1.259646844118833542e-02
1.253426913172006607e-02
1.258350908756256104e-02
1.257647387683391571e-02
1.260767783969640732e-02
1.255999971181154251e-02
1.257989276200532913e-02
1.262223999947309494e-02
1.255584321916103363e-02
1.257496047765016556e-02
1.254919357597827911e-02
1.256763376295566559e-02
1.259540207684040070e-02
1.254134904593229294e-02
1.255105715245008469e-02
1.257192250341176987e-02
1.257628761231899261e-02
1.251758541911840439e-02
1.254767645150423050e-02
1.246284972876310349e-02
1.238971762359142303e-02
1.229222398251295090e-02
1.229329127818346024e-02
1.196334883570671082e-02
1.187039539217948914e-02
1.186085399240255356e-02
1.179637759923934937e-02
1.167366001754999161e-02
1.155432406812906265e-02
1.135913282632827759e-02
1.112938858568668365e-02
1.092938520014286041e-02
1.068234257400035858e-02
1.052529551088809967e-02
1.015724055469036102e-02
9.770121425390243530e-03
9.592448361217975616e-03
9.408747777342796326e-03
9.102822281420230865e-03
8.898777887225151062e-03
8.609257638454437256e-03
8.383320644497871399e-03
8.118332363665103912e-03
7.886174134910106659e-03
7.745401468127965927e-03
7.478164043277502060e-03
7.392535451799631119e-03
7.229445036500692368e-03
7.278776261955499649e-03
6.881710607558488846e-03
6.675395648926496506e-03
6.547411903738975525e-03
6.628421135246753693e-03
6.683770101517438889e-03
6.198544055223464966e-03
6.159890908747911453e-03
6.024898029863834381e-03
6.350290961563587189e-03
6.167477928102016449e-03
6.294575985521078110e-03
6.191766820847988129e-03
6.429715082049369812e-03
5.813879426568746567e-03
5.833132192492485046e-03
5.792136769741773605e-03
5.851541180163621902e-03
5.778809078037738800e-03
5.958319175988435745e-03
5.724330898374319077e-03
5.570867098867893219e-03
5.969377234578132629e-03
5.407787859439849854e-03
5.410713609308004379e-03
5.323035642504692078e-03
5.305790808051824570e-03
5.203823093324899673e-03
5.187232978641986847e-03
5.329078063368797302e-03
5.068372003734111786e-03
5.326292943209409714e-03
5.439803004264831543e-03
5.296971183270215988e-03
