4.648291505873203278e-03
4.709178116172552109e-03
4.503265954554080963e-03
4.550786688923835754e-03
4.391553346067667007e-03
4.440600052475929260e-03
4.283645655959844589e-03
4.312516190111637115e-03
4.162544384598731995e-03
4.199452698230743408e-03
4.042366985231637955e-03
4.102664534002542496e-03
3.947429358959197998e-03
4.011275712400674820e-03
3.827858716249465942e-03
3.858801675960421562e-03
3.726415568962693214e-03
3.777036676183342934e-03
3.619685536250472069e-03
3.699669614434242249e-03
3.546763211488723755e-03
3.571145702153444290e-03
3.445673733949661255e-03
3.495301818475127220e-03
3.405523253604769707e-03
3.419359214603900909e-03
3.337209112942218781e-03
3.344420809298753738e-03
3.270115004852414131e-03
3.274463815614581108e-03
3.183118300512433052e-03
3.207890549674630165e-03
3.113444661721587181e-03
