4.648291505873203278e-03
4.709178116172552109e-03
4.503265954554080963e-03
4.550786688923835754e-03
4.391553346067667007e-03
4.440600052475929260e-03
4.283645655959844589e-03
4.312516190111637115e-03
4.162544384598731995e-03
4.199452698230743408e-03
4.042366985231637955e-03
4.102664534002542496e-03
3.947429358959197998e-03
4.011275712400674820e-03
3.827858716249465942e-03
3.858801675960421562e-03
3.726415568962693214e-03
3.777036676183342934e-03
3.619685536250472069e-03
3.699669614434242249e-03
3.546763211488723755e-03
3.571145702153444290e-03
3.445673733949661255e-03
3.495301818475127220e-03
3.405523253604769707e-03
3.419359214603900909e-03
3.337209112942218781e-03
3.344420809298753738e-03
3.270115004852414131e-03
3.274463815614581108e-03
3.183118300512433052e-03
3.207890549674630165e-03
3.113444661721587181e-03
3.147742711007595062e-03
3.041083691641688347e-03
3.084749914705753326e-03
2.993622794747352600e-03
3.012561472132802010e-03
2.947619417682290077e-03
2.972058020532131195e-03
2.902356674894690514e-03
2.907078946009278297e-03
2.831965219229459763e-03
2.855438273400068283e-03
2.786119468510150909e-03
2.799796639010310173e-03
2.712586196139454842e-03
2.714757341891527176e-03
2.661638194695115089e-03
2.667416585609316826e-03
2.608757000416517258e-03
2.636488992720842361e-03
2.554702339693903923e-03
2.624084474518895149e-03
2.573702484369277954e-03
2.574840094894170761e-03
2.520704641938209534e-03
2.500331494957208633e-03
2.476625610142946243e-03
2.470464911311864853e-03
2.445693127810955048e-03
2.416768111288547516e-03
2.384022111073136330e-03
2.396046184003353119e-03
2.369571710005402565e-03
2.392163267359137535e-03
2.315100980922579765e-03
2.336564939469099045e-03
2.294876612722873688e-03
2.256291219964623451e-03
2.259738510474562645e-03
2.250029472634196281e-03
2.321112900972366333e-03
2.288996009156107903e-03
2.312870230525732040e-03
2.255413215607404709e-03
2.222881885245442390e-03
2.237750682979822159e-03
2.143729943782091141e-03
2.202536677941679955e-03
2.165773883461952209e-03
2.236679429188370705e-03
2.158960560336709023e-03
2.159239491447806358e-03
