1.253541652113199234e-02
1.252718549221754074e-02
1.255067903548479080e-02
1.254132390022277832e-02
1.252163760364055634e-02
1.255399826914072037e-02
1.251264475286006927e-02
1.254797726869583130e-02
1.252456475049257278e-02
1.252342015504837036e-02
1.254595536738634109e-02
1.253956649452447891e-02
1.253270916640758514e-02
1.251664664596319199e-02
1.252180803567171097e-02
1.250594481825828552e-02
1.252468582242727280e-02
1.252501644194126129e-02
1.252554543316364288e-02
1.249415520578622818e-02
1.250344049185514450e-02
1.250907965004444122e-02
